0.0
11.922721434811056
15.293396261566365
17.86623706273687
25.880573880883745
38.59128323575817
44.09225859354794
83.60207928169513
95.14850201921237
101.70570395332106
106.68344097533857
110.88686347791256
123.94506244798913
129.71778421601942
130.3331122083434
135.40882571047857
148.8027581104873
150.8177007165741
152.74689697492389
160.33018536821172
167.91937184090446
177.98155245354124
196.9149434731298
209.80499850633214
219.24736226583252
232.06466566415554
235.9648988577915
240.45575675491165
243.0468743523405
246.52422525283262
256.49316457316763
257.4594293700337
263.14576313642266
268.7820999835218
275.5880646495853
281.13636729814823
284.8798292751505
290.43721030582543
312.8229114368596
341.6755629021474
348.6438358586776
358.42424601075413
359.65291230792263
363.4696971974989
368.8281612203425
388.95041415016334
391.8333082572267
398.43109507562315
440.808478062859
448.13744888054833
457.6280296789221
458.9135098787331
476.42011511854867
485.6598197857505
493.5358931453867
497.7330117809628
501.3588035925795
506.75486550427854
518.1899401085371
539.020969817535
546.1630915451218
557.2289449251929
566.0463055473776
575.8520251310753
587.0817630097765
605.555062256949
606.4236669225293
620.8494717623508
623.6421987286079
625.8016807363259
634.2986838507576
635.3047634162409
656.961455059105
666.8299007350852
679.682320752473
679.8449277341566
688.8695920144711
697.0065993489159
698.7377556949285
700.3991341009239
712.2909458124403
716.129446266596
727.9050368423999
735.9879968491558
740.9137711458235
766.8341237036557
785.2648616733532
789.6871521296869
790.1328533106043
793.7679511282352
798.8460143579898
811.0524181038659
864.7795562879068
869.1787999431469
883.5566899129179
892.5504586376206
904.3173364212204
905.9557986661338
911.0453439651138
913.8009805804701
918.0086364484274
925.2061798567836
936.1910393282011
937.3105107615949
938.7134235187051
942.5992173929229
953.4334300799318
972.1743827628005
980.2321084186527
999.5046354131714
1004.3633286575833
1008.1728278743236
1012.5464836112603
1014.4228219817429
1032.090328189772
1036.225364182295
1044.2632486709724
1052.903824831129
1060.2755064323842
1060.3024232714577
1104.8229830878922
1128.3977870891679
1130.7251293053014
1134.1851561585586
1141.5250594339411
1164.7438979178794
1205.8674873776467
1208.845377997341
1217.1547466757054
1233.6037751245367
1238.6186364197629
1251.7517908693758
1253.508059207968
1262.6884459902346
1282.7774908408185
1323.8345448919715
1324.6614697734972
1330.2537057292927
1332.5420888307895
1338.5320380946036
1346.467539759582
1347.4472707960592
1350.9692744297242
1377.2225876879465
1385.6391461532119
1391.7531960549804
1405.7581833589982
1419.3007987745927
1419.7987853447319
1432.1327120837902
1450.4113474286066
1452.2258214288934
1467.41256276574
1470.7888043982875
1474.4484086548591
1485.3924641096783
1486.5734568968246
1497.5058975946545
1519.3856834709295
1531.3032035789054
1537.1072451865743
1542.8735948738627
1557.359382517651
1565.6982445470699
1566.5855093421735
1575.3243154418078
1592.1898650554401
1596.3006692521687
1622.5529247059005
1636.4445895367903
1644.9792472191227
1658.9081675505543
1659.7327374890692
1679.3503235366888
1696.582220748372
1720.647426949367
1722.024326624708
1722.8775102297905
1724.367332505414
1729.4652392688827
1734.987044320658
1743.2473950658202
1744.5512562179013
1746.800200817774
1763.4944342061574
1769.8053185349281
1786.3046998661573
1786.3792407799876
1794.3997744375213
1821.2722769265022
1829.9992138595312
1832.3071377448957
1844.9570264364254
1849.7210405463666
1860.75881501576
1861.0563963826394
1871.1596734902303
1871.4869503987877
1885.1432696752713
1891.5471663045084
1892.8454557756272
1900.6682112152253
1901.3592947456116
1911.9541202927132
1967.3869108299873
1982.0575020639803
1990.5853603001628
1991.6682890663492
2003.702487797652
2014.5249925786911
2015.0284261477204
2030.7449980151325
2038.0579877577673
2043.606941870903
2059.1274647572773
2064.4304246145116
2070.989444857266
2072.9938379345117
2076.869877157393
2095.5476249117723
2097.616682776151
2103.017357417444
2148.147377146765
2150.847106066951
2175.716072304345
2200.7750221613433
2201.732384631159
2207.9621188949172
2214.9380159411053
2218.7019678167217
2219.186935029998
2221.9535075572567
2222.957565016149
2225.6789323895364
2242.170656452125
2264.706538133756
2265.148386351161
2268.742986484236
2308.158636838398
2315.913165796108
2325.7564357381975
2325.8120441508463
2332.446169708851
2376.9522524353292
2381.6552576081804
2382.6760074490494
2388.8732788994103
2421.8428596605754
2426.0257892064983
2442.066449535746
2458.1033109526716
2460.4383853757163
2466.296889414797
2478.8706700620774
2484.1558112881885
2486.275460882707
2520.5388611807143
2531.0585444824073
2551.117470710353
2551.3731348202095
2554.477945745894
2561.450925584802
2562.1492360449092
2611.8153164405553
2614.5132454772283
2619.20196309525
2621.610099551093
2622.724398143662
2625.370302762589
2628.945772224285
2639.009082809307
2642.3112879439473
2646.809796787823
2646.8694025147684
2651.4220365508368
2659.055286554009
2660.8228473270783
2669.9217873823045
2673.3911903033995
2683.38928594703
2683.6547444385806
2705.5110760618136
2705.6735755475247
2707.0312920463584
2722.044415048852
2722.514232989542
2734.927473694034
2770.3479913753995
2790.880501306943
2803.2648206045856
2835.0877871137363
2840.7057020574425
2861.3318542195707
2865.7317624403495
2892.2906558107684
2893.9014749210055
2922.0404190796203
2939.9210539943756
2958.6326423160676
2959.955655352998
2969.031118570662
2969.196401812417
2981.96844707051
2982.0461231105373
2982.932493113207
2985.487848780917
3006.2922318736514
3010.8111395811156
3018.5755565403933
3026.971242942008
3029.526146068994
3038.0158966496037
3048.832026491184
3052.3737414831626
3057.797366373168
3063.8320569481857
3090.7662339812427
3099.621273138211
3129.235039900778
3137.355129839371
3144.2978363705424
3144.3332210100657
3150.889597313774
3177.125079315787
3179.336106780359
3179.871075927064
3185.092956812652
3189.751423316829
3209.2112388838636
3209.4809548934804
3234.756912476168
3246.1795139165083
3269.6371535926187
3278.990081695496
3295.7007317842686
3299.7885960632525
3304.0897540349497
3309.030655667722
3323.087347395314
3327.696457116465
3330.47007629219
3358.2229369466986
3382.0838087845887
3386.3731522127314
3396.4418204963763
3399.641699980889
3401.94986824717
3406.0497142385157
3410.0112981305483
3431.4054304992533
3448.6822306119016
3461.04799048572
3493.074380386525
3498.5655994837357
3501.3764123874057
3502.6252265020166
3506.2070352491546
3507.776658433288
3508.7438171776425
3517.9802994149068
3522.5088143289627
3530.8230345009256
3532.946748804945
3544.2448642253567
3546.672020729962
3549.929648919353
3563.4683242053698
3571.672174582441
3575.749397311337
3583.579870736699
3595.421072612898
3619.740282344223
3628.432283727089
3631.080880406682
3644.812594092577
3659.8529738580714
3662.0894270668996
3679.2693634334987
3685.5230311597575
3700.653707838044
3703.364949907631
3707.4083114096065
3738.1338224246324
3748.857862087359
3763.6805342338666
3775.3400605293205
3777.6254427667095
3783.987229195931
3800.54015640309
3811.780538256008
3811.840999522971
3812.755660469911
3817.0142988195425
3845.9038236063843
3852.660639189933
3855.8101615522305
3860.279655387575
3862.645143245241
3868.1131270752226
3870.57258566103
3889.2645543723197
3895.3575901782365
3898.6398814819945
3925.6543492211918
3929.4282488188505
3953.4760508398585
3953.919939436404
3966.1996938789052
3972.8140288387845
3978.687875399873
3979.0578700007686
3979.4732090470684
3983.519168162687
4012.9163819905375
4022.530831530791
4027.1333424003005
4036.600250034463
4038.9086249773263
4040.712656272791
4045.203962462637
4065.107531396301
4072.228828076873
4075.7514111371306
4105.759185943307
4122.685538373964
4126.585993549934
4162.3766505207195
4206.078499046577
4211.33214261719
4222.001043701937
4227.203966591908
4230.179245170249
4231.0419363428455
4234.101895135961
4237.269295125687
4242.354895042902
4244.399168405754
4275.150907409685
4276.236562598122
4286.050417558686
4291.878959041399
4297.387071517549
4302.03909179839
4322.312495508618
4325.6041631048665
4325.812071064021
4350.834269600133
4370.8206505630515
4374.06275285626
4381.475367103233
4382.630465535628
4383.611303519305
4401.779990874043
4407.060822996945
4417.899533961996
4446.581821818472
4449.393926954967
4449.526398846234
4449.770846438603
4462.128429382423
4487.971530130181
4494.270067090762
4498.971849905287
4506.79951508786
4526.383572668692
4536.943523299328
4539.59594597568
4554.493854550233
4555.939645029811
4557.749589057082
4567.234688538221
4569.963061980175
4582.163357160313
4586.463781792374
4589.713107981063
4658.006301729843
4658.420941699591
4668.800513102643
4669.195196224804
4683.475124367607
4686.089940356399
4687.031199707185
4697.485224815679
4710.675366482222
4722.0103643454395
4722.54332730584
4726.029076336854
4732.027254061836
4735.411441416208
4752.045814079441
4753.451260274567
4762.923383460949
4807.332613052853
4830.6174425752615
4833.1297491251125
4833.130568034779
4872.554020186613
4893.985332445936
4919.1768936443395
4924.546939375226
4938.196788156816