51
57
64
66
52
55
52
51
58
40
49
47
50
50
50
46
44
48
57
51
37
49
59
40
47
51
39
46
59
41
58
44
50
61
41
41
58
52
49
47
56
41
49
41
48
51
42
63
48
40
55
43
59
48
44
49
53
64
54
59
57
42
46
50
51
50
66
55
43
52
44
54
47
56
52
56
51
43
62
52
50
50
45
54
45
48
68
46
60
55
52
48
61
49
54
57
45
56
53
41
63
46
52
45
46
52
60
50
39
49
44
50
48
43
53
64
56
56
50
51
58
64
44
51
37
46
42
47
49
47
53
56
54
43
59
54
49
38
44
40
45
53
40
59
60
47
60
49
57
50
52
47
51
52
52
42
55
42
43
40
44
50
48
44
51
53
47
52
41
45
53
47
47
50
43
53
47
46
42
46
58
57
49
52
52
67
48
52
50
53
60
56
54
50
49
58
51
41
46
56
52
53
47
45
43
52
48
51
52
44
48
52
52
52
53
57
50
55
45
50
55
49
47
63
42
43
49
42
43
43
51
57
56
54
50
53
47
56
49
52
55
47
60
41
46
50
60
48
55
39
40
53
62
55
38
35
42
54
39
56
61
44
53
38
52
54
44
56
52
48
50
68
54
48
46
45
39
52
45
42
35
52
39
55
34
50
48
56
48
52
49
53
54
47
40
45
53
49
67
42
37
56
49
45
65
51
61
54
54
45
43
46
41
54
48
38
40
45
46
52
48
73
38
41
39
61
45
42
49
59
61
53
48
58
44
56
44
43
46
48
43
52
52
49
55
46
54
51
60
44
47
53
42
48
46
45
50
47
65
49
53
66
41
62
43
49
37
53
52
45
39
38
57
46
47
51
49
48
48
53
58
47
52
48
50
42
52
59
56
51
54
42
46
53
51
46
62
46
59
51
41
41
45
39
49
60
56
52
53
55
41
51
56
44
39
47
54
56
50
60
44
49
58
63
53
37
62
48
59
50
42
45
45
41
48
48
44
53
54
55
57
50
53
51
48
46
60
56
43
43
51
34
48
41
66
49
47
60
54
46
56
66
48
50
46
55
54
45
51
65
48
43
46
47
49
56
48
51
47
49
44
52
45
49
46
49
54
45
52
53
47
65
41
59
48
44
34
53
53
50
48
43
47
44
41
48
51
60
46
53
61
36
51
58
48
49
42
56
57
47
52
50
49
62
54
50
52
53
52
57
53
55
55
56
42
43
50
52
61
69
48
38
51
50
46
42
51
63
50
50
46
44
68
52
44
55
47
51
60
60
55
60
53
42
58
59
61
57
45
60
50
46
59
40
54
54
49
53
43
55
55
49
47
53
60
55
47
46
45
50
41
42
57
47
52
47
56
48
59
37
47
54
50
52
43
37
43
46
46
56
50
50
52
53
48
55
46
55
54
54
61
52
52
60
51
43
50
49
43
63
55
63
52
45
53
48
43
42
67
53
56
48
44
48
51
52
41
43
36
41
45
58
40
54
43
52
67
44
47
59
58
50
49
32
54
47
47
31
48
58
48
56
46
46
44
50
50
55
53
47
43
46
55
50
46
56
54
60
60
43
47
50
45
56
49
51
44
67
63
49
48
48
46
54
35
43
45
46
46
59
60
53
45
46
41
54
44
44
59
42
44
43
36
44
52
40
43
58
50
57
53
55
43
52
49
50
43
46
50
43
58
56
46
49
49
56
55
60
45
58
60
45
46
59
52
58
43
56
58
45
58
67
65
56
52
45
54
48
57
59
62
54
57
46
38
42
49
54
47
50
37
45
62
49
45
49
43
50
43
39
49
63
52
44
53
47
44
57
53
41
49
50
49
48
63
57
49
65
65
48
51
48
46
52
47
63
48
57
58
53
47
46
54
41
46
58
40
65
57
50
46
56
57
50
45
58
41
50
60
50
55
41
51
53
59
44
42
50
47
42
49
42
47
56
47
47
44
48
51
46
65
50
44
43
63
53
49
51
44
50
49
49
47
46
64
40
48
47
44
62
55
41
50
54
50
46
62
45
46
57
49
55
44
48
54
54
43
49
51
40
46
50
50
50
45
60
60
40
39
56
48
42
49
38
50
38
49
50
65
50
63
53
57
43
46
39
56
41
46
40
60
58
57
40
53
63
44
55
48
57
50
54
50
50
40
53
50
54
48
47
53
51
51
60
57
59
52
45
56
41
53
61
49
52
42
47
44
55
55
54
49
44
52
51
51
36
51
47
47
49
46
40
54
57
50
54
56
44
56
38
47
54
42
52
45
52
61
57
48
39